98
1 27
2 59
3 31
4 2
5 34
6 24
7 70
8 94
9 36
10 15
11 93
12 62
13 49
14 55
15 79
16 13
17 51
18 69
19 9
20 29
21 86
22 44
23 25
24 41
25 39
26 58
27 19
28 98
29 21
30 43
31 48
32 75
33 68
34 66
35 83
36 38
37 30
38 87
39 10
40 60
41 26
42 45
43 63
44 28
45 78
46 82
47 4
48 20
49 42
50 54
51 18
52 89
53 88
54 52
55 81
56 74
57 46
58 91
59 8
60 32
61 80
62 61
63 40
64 96
65 22
66 84
67 7
68 73
69 11
70 3
71 76
72 5
73 12
74 90
75 97
76 67
77 6
78 35
79 1
80 72
81 57
82 77
83 16
84 65
85 56
86 14
87 37
88 85
89 17
90 71
91 33
92 64
93 92
94 47
95 50
96 95
97 23
98 53
