99
1 92
2 17
3 96
4 49
5 89
6 55
7 40
8 7
9 45
10 95
11 32
12 80
13 28
14 23
15 76
16 10
17 11
18 57
19 73
20 22
21 38
22 36
23 66
24 41
25 71
26 63
27 98
28 64
29 79
30 67
31 46
32 50
33 90
34 20
35 91
36 43
37 21
38 1
39 47
40 31
41 86
42 39
43 27
44 83
45 14
46 81
47 59
48 30
49 94
50 60
51 54
52 2
53 44
54 29
55 82
56 33
57 65
58 61
59 93
60 78
61 19
62 37
63 68
64 15
65 62
66 72
67 52
68 4
69 75
70 13
71 48
72 35
73 42
74 87
75 12
76 99
77 8
78 6
79 88
80 58
81 56
82 97
83 70
84 69
85 5
86 34
87 77
88 18
89 51
90 16
91 53
92 84
93 85
94 26
95 74
96 25
97 9
98 24
99 3
