92
1 83
2 89
3 68
4 17
5 4
6 8
7 82
8 9
9 70
10 32
11 16
12 90
13 18
14 62
15 55
16 12
17 49
18 81
19 19
20 72
21 24
22 11
23 65
24 48
25 34
26 79
27 84
28 43
29 88
30 57
31 51
32 5
33 2
34 66
35 31
36 7
37 45
38 46
39 27
40 77
41 53
42 76
43 80
44 91
45 21
46 64
47 10
48 41
49 47
50 42
51 56
52 87
53 25
54 61
55 85
56 59
57 71
58 39
59 30
60 13
61 63
62 58
63 52
64 20
65 44
66 54
67 1
68 67
69 33
70 22
71 3
72 73
73 36
74 6
75 86
76 74
77 75
78 37
79 92
80 15
81 78
82 35
83 28
84 40
85 26
86 23
87 14
88 29
89 50
90 69
91 60
92 38
