86
1 22
2 18
3 33
4 14
5 34
6 25
7 50
8 63
9 81
10 79
11 27
12 15
13 31
14 32
15 82
16 9
17 44
18 45
19 86
20 20
21 73
22 85
23 70
24 13
25 84
26 39
27 57
28 42
29 48
30 47
31 3
32 7
33 75
34 1
35 11
36 62
37 54
38 8
39 41
40 40
41 69
42 53
43 37
44 83
45 36
46 74
47 6
48 76
49 12
50 60
51 43
52 65
53 71
54 55
55 16
56 28
57 58
58 35
59 2
60 59
61 56
62 10
63 66
64 29
65 30
66 67
67 24
68 26
69 21
70 5
71 38
72 52
73 68
74 72
75 46
76 23
77 49
78 64
79 77
80 51
81 78
82 80
83 17
84 61
85 19
86 4
