93
1 57
2 41
3 93
4 83
5 48
6 54
7 24
8 44
9 89
10 9
11 62
12 6
13 39
14 10
15 72
16 1
17 56
18 78
19 91
20 92
21 42
22 77
23 79
24 33
25 40
26 88
27 90
28 80
29 85
30 43
31 5
32 76
33 11
34 49
35 52
36 36
37 26
38 74
39 21
40 7
41 71
42 81
43 69
44 46
45 20
46 16
47 38
48 27
49 30
50 4
51 13
52 14
53 61
54 12
55 84
56 58
57 64
58 34
59 67
60 82
61 66
62 25
63 47
64 59
65 55
66 65
67 29
68 35
69 37
70 45
71 63
72 8
73 19
74 73
75 50
76 31
77 22
78 28
79 86
80 70
81 2
82 15
83 23
84 17
85 87
86 18
87 51
88 68
89 53
90 75
91 3
92 32
93 60
