95
1 60
2 79
3 57
4 70
5 35
6 85
7 72
8 92
9 77
10 29
11 58
12 24
13 20
14 14
15 10
16 67
17 71
18 65
19 7
20 63
21 53
22 51
23 81
24 22
25 94
26 19
27 8
28 82
29 46
30 42
31 4
32 32
33 18
34 1
35 43
36 55
37 33
38 62
39 66
40 34
41 41
42 95
43 47
44 52
45 45
46 90
47 2
48 39
49 13
50 11
51 17
52 26
53 28
54 59
55 16
56 5
57 80
58 64
59 37
60 15
61 73
62 69
63 76
64 49
65 61
66 21
67 54
68 25
69 89
70 87
71 83
72 93
73 9
74 6
75 50
76 88
77 56
78 84
79 38
80 23
81 44
82 78
83 36
84 75
85 68
86 86
87 40
88 31
89 12
90 48
91 74
92 27
93 30
94 91
95 3
