87
1 55
2 29
3 2
4 85
5 48
6 14
7 44
8 64
9 52
10 19
11 25
12 23
13 66
14 12
15 61
16 80
17 28
18 77
19 73
20 57
21 65
22 15
23 39
24 40
25 6
26 5
27 16
28 35
29 62
30 63
31 50
32 60
33 8
34 71
35 11
36 18
37 87
38 84
39 37
40 49
41 22
42 17
43 42
44 70
45 81
46 21
47 54
48 32
49 47
50 74
51 56
52 79
53 36
54 20
55 38
56 75
57 72
58 67
59 34
60 69
61 46
62 43
63 41
64 3
65 83
66 58
67 53
68 51
69 82
70 10
71 30
72 4
73 9
74 31
75 27
76 76
77 33
78 45
79 13
80 1
81 7
82 26
83 68
84 24
85 59
86 86
87 78
