89
1 77
2 3
3 67
4 74
5 70
6 17
7 2
8 33
9 35
10 18
11 16
12 88
13 87
14 9
15 1
16 42
17 84
18 5
19 51
20 28
21 71
22 65
23 37
24 11
25 19
26 15
27 76
28 26
29 23
30 78
31 29
32 58
33 41
34 52
35 75
36 39
37 73
38 89
39 64
40 24
41 6
42 21
43 53
44 61
45 7
46 46
47 12
48 63
49 56
50 79
51 38
52 62
53 27
54 48
55 47
56 80
57 30
58 60
59 86
60 49
61 10
62 54
63 25
64 82
65 8
66 81
67 44
68 45
69 32
70 22
71 55
72 85
73 13
74 72
75 83
76 36
77 40
78 31
79 20
80 69
81 34
82 50
83 4
84 57
85 43
86 14
87 59
88 66
89 68
