94
1 17
2 48
3 69
4 32
5 52
6 22
7 55
8 44
9 58
10 1
11 92
12 59
13 7
14 16
15 61
16 64
17 77
18 91
19 72
20 10
21 19
22 56
23 38
24 90
25 78
26 36
27 84
28 93
29 67
30 43
31 79
32 4
33 94
34 25
35 20
36 34
37 82
38 23
39 87
40 5
41 53
42 11
43 41
44 6
45 3
46 27
47 28
48 12
49 54
50 86
51 47
52 85
53 62
54 80
55 45
56 50
57 14
58 83
59 15
60 13
61 49
62 31
63 21
64 74
65 29
66 37
67 40
68 26
69 39
70 42
71 24
72 30
73 33
74 8
75 68
76 75
77 35
78 57
79 66
80 2
81 70
82 18
83 9
84 63
85 88
86 65
87 73
88 51
89 46
90 81
91 60
92 89
93 71
94 76
