100
1 68
2 80
3 62
4 28
5 15
6 49
7 24
8 20
9 84
10 30
11 83
12 86
13 1
14 51
15 54
16 55
17 99
18 72
19 34
20 100
21 92
22 59
23 94
24 12
25 26
26 73
27 6
28 87
29 81
30 57
31 10
32 89
33 42
34 44
35 43
36 39
37 29
38 13
39 70
40 19
41 65
42 77
43 58
44 82
45 16
46 69
47 97
48 66
49 90
50 33
51 14
52 56
53 75
54 63
55 3
56 9
57 11
58 22
59 31
60 74
61 47
62 91
63 8
64 52
65 23
66 93
67 4
68 2
69 25
70 5
71 60
72 64
73 79
74 88
75 95
76 7
77 98
78 67
79 36
80 21
81 78
82 32
83 46
84 40
85 27
86 50
87 48
88 76
89 38
90 35
91 85
92 17
93 71
94 41
95 61
96 37
97 96
98 53
99 18
100 45
