97
1 54
2 75
3 42
4 81
5 48
6 57
7 45
8 15
9 61
10 49
11 66
12 33
13 79
14 32
15 82
16 94
17 6
18 70
19 73
20 27
21 95
22 19
23 8
24 77
25 2
26 46
27 56
28 87
29 63
30 17
31 14
32 22
33 92
34 59
35 16
36 44
37 58
38 89
39 52
40 29
41 11
42 24
43 60
44 83
45 88
46 35
47 76
48 43
49 69
50 10
51 31
52 26
53 80
54 51
55 41
56 1
57 28
58 37
59 91
60 72
61 9
62 62
63 30
64 18
65 25
66 74
67 7
68 47
69 86
70 90
71 71
72 36
73 64
74 4
75 67
76 53
77 55
78 12
79 68
80 3
81 40
82 23
83 85
84 34
85 50
86 5
87 39
88 78
89 21
90 84
91 96
92 13
93 93
94 20
95 97
96 65
97 38
