90
1 9
2 8
3 20
4 29
5 64
6 16
7 12
8 37
9 73
10 88
11 79
12 69
13 78
14 44
15 11
16 38
17 39
18 83
19 42
20 2
21 59
22 6
23 61
24 46
25 43
26 32
27 54
28 24
29 60
30 82
31 33
32 85
33 3
34 72
35 34
36 25
37 18
38 40
39 66
40 86
41 10
42 22
43 1
44 80
45 56
46 19
47 13
48 63
49 15
50 70
51 51
52 30
53 55
54 57
55 89
56 14
57 31
58 27
59 76
60 50
61 68
62 67
63 4
64 41
65 49
66 28
67 58
68 48
69 5
70 52
71 74
72 65
73 53
74 45
75 71
76 7
77 87
78 26
79 75
80 90
81 47
82 77
83 35
84 21
85 62
86 81
87 36
88 84
89 23
90 17
