96
1 91
2 4
3 56
4 77
5 10
6 13
7 70
8 40
9 22
10 49
11 88
12 11
13 61
14 74
15 1
16 28
17 84
18 79
19 29
20 35
21 31
22 47
23 51
24 89
25 48
26 52
27 32
28 71
29 96
30 41
31 37
32 80
33 73
34 53
35 64
36 87
37 76
38 42
39 59
40 44
41 62
42 63
43 23
44 78
45 20
46 9
47 75
48 46
49 14
50 2
51 19
52 45
53 33
54 8
55 21
56 94
57 24
58 36
59 82
60 17
61 38
62 43
63 65
64 26
65 67
66 27
67 34
68 72
69 66
70 12
71 90
72 3
73 54
74 15
75 39
76 58
77 81
78 83
79 30
80 7
81 25
82 93
83 55
84 69
85 6
86 57
87 92
88 95
89 5
90 50
91 86
92 18
93 16
94 60
95 68
96 85
