91
1 35
2 74
3 49
4 21
5 70
6 68
7 40
8 52
9 84
10 23
11 2
12 30
13 45
14 5
15 79
16 36
17 47
18 20
19 89
20 24
21 14
22 41
23 51
24 39
25 8
26 53
27 3
28 86
29 90
30 81
31 18
32 82
33 25
34 37
35 32
36 69
37 19
38 50
39 38
40 65
41 63
42 22
43 61
44 26
45 31
46 1
47 83
48 80
49 59
50 46
51 27
52 91
53 11
54 15
55 88
56 73
57 12
58 28
59 75
60 67
61 10
62 71
63 29
64 4
65 72
66 43
67 42
68 56
69 13
70 66
71 85
72 64
73 60
74 6
75 55
76 87
77 54
78 58
79 33
80 78
81 44
82 16
83 48
84 9
85 76
86 17
87 57
88 77
89 34
90 62
91 7
