88
1 19
2 41
3 17
4 22
5 61
6 11
7 51
8 34
9 52
10 53
11 74
12 13
13 81
14 33
15 73
16 38
17 25
18 57
19 55
20 65
21 29
22 15
23 63
24 36
25 79
26 24
27 30
28 31
29 16
30 27
31 67
32 3
33 77
34 54
35 5
36 8
37 87
38 56
39 64
40 80
41 69
42 9
43 21
44 48
45 32
46 39
47 47
48 37
49 45
50 62
51 23
52 40
53 6
54 7
55 20
56 60
57 58
58 4
59 50
60 12
61 70
62 35
63 75
64 71
65 49
66 43
67 44
68 72
69 18
70 83
71 28
72 85
73 14
74 68
75 88
76 1
77 76
78 26
79 10
80 42
81 82
82 84
83 59
84 2
85 78
86 86
87 46
88 66
